[gd_scene load_steps=6 format=2]

[ext_resource path="res://Fonts/Kenney Bold.ttf" type="DynamicFontData" id=1]
[ext_resource path="res://GUI/Theme.tres" type="Theme" id=2]
[ext_resource path="res://Scenes/Characters/Robot/Robot.tscn" type="PackedScene" id=3]
[ext_resource path="res://GUI/GameOver.gd" type="Script" id=4]

[sub_resource type="DynamicFont" id=1]
size = 36
font_data = ExtResource( 1 )

[node name="GameOver" type="Control"]
anchor_right = 1.0
anchor_bottom = 1.0
theme = ExtResource( 2 )
script = ExtResource( 4 )
__meta__ = {
"_edit_use_anchors_": false
}

[node name="ColorRect" type="ColorRect" parent="."]
anchor_right = 1.0
anchor_bottom = 1.0
color = Color( 0.227451, 0.215686, 0.215686, 1 )
__meta__ = {
"_edit_use_anchors_": false
}

[node name="CenterContainer" type="CenterContainer" parent="."]
anchor_right = 1.0
anchor_bottom = 1.0

[node name="VBoxContainer" type="VBoxContainer" parent="CenterContainer"]
margin_left = 362.0
margin_top = 79.0
margin_right = 662.0
margin_bottom = 520.0
custom_constants/separation = 17

[node name="Label" type="Label" parent="CenterContainer/VBoxContainer"]
margin_right = 300.0
margin_bottom = 54.0
custom_fonts/font = SubResource( 1 )
text = "Game over"
align = 1

[node name="ViewportContainer" type="ViewportContainer" parent="CenterContainer/VBoxContainer"]
margin_top = 71.0
margin_right = 300.0
margin_bottom = 371.0
rect_min_size = Vector2( 300, 300 )

[node name="Viewport" type="Viewport" parent="CenterContainer/VBoxContainer/ViewportContainer"]
size = Vector2( 300, 300 )
transparent_bg = true
handle_input_locally = false
render_target_update_mode = 3

[node name="Robot" parent="CenterContainer/VBoxContainer/ViewportContainer/Viewport" instance=ExtResource( 3 )]
script = null

[node name="AnimationPlayer" parent="CenterContainer/VBoxContainer/ViewportContainer/Viewport/Robot/RobotArmature" index="0"]
autoplay = "Robot_No"

[node name="BoneAttachment" parent="CenterContainer/VBoxContainer/ViewportContainer/Viewport/Robot/RobotArmature" index="1"]
transform = Transform( 0.0367199, 0.903648, -0.426698, -0.175172, 0.426195, 0.887508, 0.983851, 0.0421566, 0.173944, 0.617283, 2.33039, -0.0168435 )

[node name="BoneAttachment001" parent="CenterContainer/VBoxContainer/ViewportContainer/Viewport/Robot/RobotArmature" index="2"]
transform = Transform( 0.209987, -0.874529, 0.437155, -0.256282, 0.382255, 0.887806, -0.943515, -0.298463, -0.143858, -0.681735, 2.31525, -0.0168434 )

[node name="BoneAttachment002" parent="CenterContainer/VBoxContainer/ViewportContainer/Viewport/Robot/RobotArmature" index="3"]
transform = Transform( -1, 2.15749e-07, -2.93496e-07, 2.0612e-07, 0.999474, 0.0324216, 3.00337e-07, 0.0324217, -0.999474, 0.633527, 0.024694, -0.138034 )

[node name="BoneAttachment003" parent="CenterContainer/VBoxContainer/ViewportContainer/Viewport/Robot/RobotArmature" index="4"]
transform = Transform( -1, 1.64626e-06, -2.93497e-07, 1.63588e-06, 0.999474, 0.0324217, 3.46717e-07, 0.0324215, -0.999475, -0.640076, 0.024694, -0.138034 )

[node name="BoneAttachment3" parent="CenterContainer/VBoxContainer/ViewportContainer/Viewport/Robot/RobotArmature" index="5"]
transform = Transform( -0.940245, -0.0490151, -0.336953, -0.251942, 0.765837, 0.591622, 0.229052, 0.641162, -0.732422, 0.897748, 1.74704, -0.131176 )

[node name="BoneAttachment2" parent="CenterContainer/VBoxContainer/ViewportContainer/Viewport/Robot/RobotArmature" index="6"]
transform = Transform( -0.965456, 0.033135, 0.258449, 0.218197, 0.644956, 0.732407, -0.14242, 0.763498, -0.629907, -0.933204, 1.80455, 0.0659091 )

[node name="BoneAttachment004" parent="CenterContainer/VBoxContainer/ViewportContainer/Viewport/Robot/RobotArmature" index="7"]
transform = Transform( 0.997931, -0.0397531, 0.0505244, 0.0520549, 0.0384579, -0.997901, 0.0377267, 0.998467, 0.0404482, -0.0171258, 3.00551, -0.0112471 )

[node name="BoneAttachment005" parent="CenterContainer/VBoxContainer/ViewportContainer/Viewport/Robot/RobotArmature" index="8"]
transform = Transform( 0.985174, -0.160987, -0.0593365, 0.0100382, -0.291196, 0.956646, -0.171268, -0.943112, -0.285249, 0.630296, 1.50432, -0.0698894 )

[node name="BoneAttachment006" parent="CenterContainer/VBoxContainer/ViewportContainer/Viewport/Robot/RobotArmature" index="9"]
transform = Transform( 0.960963, 0.26153, 0.0903303, -0.0106343, -0.291359, 0.956581, 0.276464, -0.920273, -0.277186, -0.643307, 1.50431, -0.0698896 )

[node name="BoneAttachment007" parent="CenterContainer/VBoxContainer/ViewportContainer/Viewport/Robot/RobotArmature" index="10"]
transform = Transform( 0.985174, -0.167832, 0.0355964, 0.0100384, 0.263461, 0.964697, -0.171268, -0.949981, 0.261306, 0.666551, 0.919799, 0.1044 )

[node name="BoneAttachment008" parent="CenterContainer/VBoxContainer/ViewportContainer/Viewport/Robot/RobotArmature" index="11"]
transform = Transform( 0.960962, 0.269414, -0.0629734, -0.0106344, 0.263331, 0.964737, 0.276463, -0.926342, 0.256004, -0.698499, 0.919837, 0.0994732 )

[node name="BoneAttachment009" parent="CenterContainer/VBoxContainer/ViewportContainer/Viewport/Robot/RobotArmature" index="12"]
transform = Transform( -0.911603, -1.73064e-06, -0.411072, -0.411072, -1.51247e-06, 0.911602, -2.30223e-06, 0.999998, 8.79169e-07, 0.582738, 2.407, -0.0168434 )

[node name="BoneAttachment010" parent="CenterContainer/VBoxContainer/ViewportContainer/Viewport/Robot/RobotArmature" index="13"]
transform = Transform( -0.898185, -1.32173e-06, 0.439616, 0.439616, -4.24683e-07, 0.898185, -1.30385e-06, 0.999999, 3.27826e-07, -0.636816, 2.40703, -0.0168434 )

[node name="BoneAttachment011" parent="CenterContainer/VBoxContainer/ViewportContainer/Viewport/Robot/RobotArmature" index="14"]
transform = Transform( 1, 7.15256e-07, -5.82075e-11, -5.82076e-11, 0, -0.999999, -7.15256e-07, 1, 4.16333e-17, 0.00205059, 1.40809, 0.112672 )

[node name="Lives" parent="CenterContainer/VBoxContainer/ViewportContainer/Viewport/Robot" index="8"]
visible = false

[node name="Camera" type="Camera" parent="CenterContainer/VBoxContainer/ViewportContainer/Viewport"]
transform = Transform( 1, 0, 0, 0, 1, 0, 0, 0, 1, 0, 1, 3 )
current = true

[node name="OmniLight" type="OmniLight" parent="CenterContainer/VBoxContainer/ViewportContainer/Viewport"]
transform = Transform( 1, 0, 0, 0, 1, 0, 0, 0, 1, 1, 0, 5 )
light_energy = 8.11

[node name="RestartButton" type="Button" parent="CenterContainer/VBoxContainer"]
margin_top = 388.0
margin_right = 300.0
margin_bottom = 406.0
text = "Restart"

[node name="QuitButton" type="Button" parent="CenterContainer/VBoxContainer"]
margin_top = 423.0
margin_right = 300.0
margin_bottom = 441.0
text = "Quit"

[connection signal="pressed" from="CenterContainer/VBoxContainer/RestartButton" to="." method="_on_RestartButton_pressed"]
[connection signal="pressed" from="CenterContainer/VBoxContainer/QuitButton" to="." method="_on_QuitButton_pressed"]

[editable path="CenterContainer/VBoxContainer/ViewportContainer/Viewport/Robot"]
[editable path="CenterContainer/VBoxContainer/ViewportContainer/Viewport/Robot/RobotArmature"]
