[gd_scene load_steps=10 format=2]

[ext_resource path="res://Level/LevelTemplate.tscn" type="PackedScene" id=1]
[ext_resource path="res://Architecture/DoorwayWide.tscn" type="PackedScene" id=2]
[ext_resource path="res://Architecture/Wall.tscn" type="PackedScene" id=3]
[ext_resource path="res://Architecture/Window.tscn" type="PackedScene" id=4]
[ext_resource path="res://Architecture/WindowSlide.tscn" type="PackedScene" id=5]
[ext_resource path="res://Bystanders/BystanderSpawner.tscn" type="PackedScene" id=6]
[ext_resource path="res://Scenes/Characters/Robot/Robot.tscn" type="PackedScene" id=7]

[sub_resource type="Animation" id=1]
resource_name = "Movement"
length = 4.0
loop = true
step = 1.0
tracks/0/type = "value"
tracks/0/path = NodePath(".:translation")
tracks/0/interp = 1
tracks/0/loop_wrap = true
tracks/0/imported = false
tracks/0/enabled = true
tracks/0/keys = {
"times": PoolRealArray( 0, 2 ),
"transitions": PoolRealArray( 1, 1 ),
"update": 0,
"values": [ Vector3( 11, 0.343, -8 ), Vector3( 11, 0.343, 3 ) ]
}

[sub_resource type="Animation" id=2]
resource_name = "Movement"
length = 4.0
loop = true
tracks/0/type = "value"
tracks/0/path = NodePath(".:translation")
tracks/0/interp = 1
tracks/0/loop_wrap = true
tracks/0/imported = false
tracks/0/enabled = true
tracks/0/keys = {
"times": PoolRealArray( 0, 2 ),
"transitions": PoolRealArray( 1, 1 ),
"update": 0,
"values": [ Vector3( 14, 0.343, 3 ), Vector3( 14, 0.343, -8 ) ]
}

[node name="Level1" instance=ExtResource( 1 )]

[node name="Robot" parent="Robots" index="0" instance=ExtResource( 7 )]
transform = Transform( -4.37114e-08, 0, -1, 0, 1, 0, 1, 0, -4.37114e-08, 11, 0.343, -8 )

[node name="RobotArmature" parent="Robots/Robot" index="4"]
bones/1/bound_children = [  ]
bones/2/bound_children = [  ]
bones/7/bound_children = [  ]
bones/8/bound_children = [  ]
bones/9/bound_children = [  ]
bones/10/bound_children = [  ]
bones/22/bound_children = [  ]
bones/23/bound_children = [  ]
bones/24/bound_children = [  ]
bones/37/bound_children = [  ]
bones/38/bound_children = [  ]
bones/39/bound_children = [  ]
bones/41/bound_children = [  ]
bones/42/bound_children = [  ]

[node name="BoneAttachment" parent="Robots/Robot/RobotArmature" index="1"]
transform = Transform( -0.0564262, 0.0120857, -0.998333, 0.0680234, 0.99765, 0.00823249, 0.996087, -0.0674447, -0.0571156, 0.666745, 2.43728, -0.0168432 )

[node name="BoneAttachment001" parent="Robots/Robot/RobotArmature" index="2"]
transform = Transform( -0.059884, -0.0283931, 0.997801, -0.264981, 0.964185, 0.0115335, -0.962391, -0.263708, -0.0652628, -0.738989, 2.43851, -0.0168432 )

[node name="BoneAttachment002" parent="Robots/Robot/RobotArmature" index="3"]
transform = Transform( -1, 2.15749e-07, -2.93496e-07, 2.0612e-07, 0.999474, 0.0324216, 3.00337e-07, 0.0324217, -0.999474, 0.633527, 0.024694, -0.138034 )

[node name="BoneAttachment003" parent="Robots/Robot/RobotArmature" index="4"]
transform = Transform( -1, 1.64626e-06, -2.93497e-07, 1.63588e-06, 0.999474, 0.0324217, 3.46717e-07, 0.0324215, -0.999475, -0.640076, 0.024694, -0.138034 )

[node name="BoneAttachment3" parent="Robots/Robot/RobotArmature" index="5"]
transform = Transform( 0.0388434, -0.0122599, -0.99917, 0.000847305, 0.999925, -0.0122363, 0.999244, -0.000370596, 0.0388509, 1.32294, 2.43187, 0.0206985 )

[node name="BoneAttachment2" parent="Robots/Robot/RobotArmature" index="6"]
transform = Transform( 0.0357705, 0.0187618, 0.999184, -0.177214, 0.984097, -0.0121343, -0.983521, -0.176636, 0.0385265, -1.31296, 2.43187, 0.0206984 )

[node name="BoneAttachment004" parent="Robots/Robot/RobotArmature" index="7"]
transform = Transform( 0.999996, -5.63962e-05, 0.00280693, 0.00280538, -0.0187642, -0.99982, 0.000109056, 0.999824, -0.018764, 6.14762e-09, 3.03846, -0.0107013 )

[node name="BoneAttachment005" parent="Robots/Robot/RobotArmature" index="8"]
transform = Transform( 1, -5.21525e-07, -2.88221e-08, -6.37748e-08, -0.176683, 0.984268, -5.18403e-07, -0.984274, -0.176683, 0.630296, 1.5368, -0.0698894 )

[node name="BoneAttachment006" parent="Robots/Robot/RobotArmature" index="9"]
transform = Transform( 1, 4.47292e-07, -2.88221e-08, 1.07397e-07, -0.176683, 0.984268, 4.35164e-07, -0.984274, -0.176683, -0.643307, 1.5368, -0.0698895 )

[node name="BoneAttachment007" parent="Robots/Robot/RobotArmature" index="10"]
transform = Transform( 1, -2.54154e-07, 3.50088e-09, 4.47876e-08, 0.189744, 0.981834, -2.5019e-07, -0.98184, 0.189746, 0.630296, 0.935406, 0.0380651 )

[node name="BoneAttachment008" parent="Robots/Robot/RobotArmature" index="11"]
transform = Transform( 1, -2.01132e-07, -5.3216e-08, 9.04119e-08, 0.189744, 0.981834, -1.87384e-07, -0.98184, 0.189746, -0.643307, 0.935406, 0.038065 )

[node name="BoneAttachment009" parent="Robots/Robot/RobotArmature" index="12"]
transform = Transform( -0.0262237, 2.39866e-07, -0.999656, -0.999656, -2.22027e-06, 0.0262235, -2.91318e-06, 0.999999, 3.12459e-07, 0.582738, 2.43949, -0.0168432 )

[node name="BoneAttachment010" parent="Robots/Robot/RobotArmature" index="13"]
transform = Transform( -0.00985826, -2.69916e-07, 0.999951, 0.999951, 7.59959e-07, 0.00985831, -1.02818e-06, 1, 2.61236e-07, -0.636816, 2.43952, -0.0168431 )

[node name="BoneAttachment011" parent="Robots/Robot/RobotArmature" index="14"]
transform = Transform( 1, 7.15256e-07, 0, 0, 0, -1, -7.15256e-07, 1, 0, 0.00205059, 1.44057, 0.112672 )

[node name="TranslationAnimation" parent="Robots/Robot" index="6"]
autoplay = "Movement"
anims/Movement = SubResource( 1 )

[node name="Robot2" parent="Robots" index="1" instance=ExtResource( 7 )]
transform = Transform( -4.37114e-08, 0, -1, 0, 1, 0, 1, 0, -4.37114e-08, 14, 0.343, 2.80454 )

[node name="RobotArmature" parent="Robots/Robot2" index="4"]
bones/1/bound_children = [  ]
bones/2/bound_children = [  ]
bones/7/bound_children = [  ]
bones/8/bound_children = [  ]
bones/9/bound_children = [  ]
bones/10/bound_children = [  ]
bones/22/bound_children = [  ]
bones/23/bound_children = [  ]
bones/24/bound_children = [  ]
bones/37/bound_children = [  ]
bones/38/bound_children = [  ]
bones/39/bound_children = [  ]
bones/41/bound_children = [  ]
bones/42/bound_children = [  ]

[node name="BoneAttachment" parent="Robots/Robot2/RobotArmature" index="1"]
transform = Transform( -0.0564262, 0.0120857, -0.998333, 0.0680234, 0.99765, 0.00823249, 0.996087, -0.0674447, -0.0571156, 0.666745, 2.43728, -0.0168432 )

[node name="BoneAttachment001" parent="Robots/Robot2/RobotArmature" index="2"]
transform = Transform( -0.059884, -0.0283931, 0.997801, -0.264981, 0.964185, 0.0115335, -0.962391, -0.263708, -0.0652628, -0.738989, 2.43851, -0.0168432 )

[node name="BoneAttachment002" parent="Robots/Robot2/RobotArmature" index="3"]
transform = Transform( -1, 2.15749e-07, -2.93496e-07, 2.0612e-07, 0.999474, 0.0324216, 3.00337e-07, 0.0324217, -0.999474, 0.633527, 0.024694, -0.138034 )

[node name="BoneAttachment003" parent="Robots/Robot2/RobotArmature" index="4"]
transform = Transform( -1, 1.64626e-06, -2.93497e-07, 1.63588e-06, 0.999474, 0.0324217, 3.46717e-07, 0.0324215, -0.999475, -0.640076, 0.024694, -0.138034 )

[node name="BoneAttachment3" parent="Robots/Robot2/RobotArmature" index="5"]
transform = Transform( 0.0388434, -0.0122599, -0.99917, 0.000847305, 0.999925, -0.0122363, 0.999244, -0.000370596, 0.0388509, 1.32294, 2.43187, 0.0206985 )

[node name="BoneAttachment2" parent="Robots/Robot2/RobotArmature" index="6"]
transform = Transform( 0.0357705, 0.0187618, 0.999184, -0.177214, 0.984097, -0.0121343, -0.983521, -0.176636, 0.0385265, -1.31296, 2.43187, 0.0206984 )

[node name="BoneAttachment004" parent="Robots/Robot2/RobotArmature" index="7"]
transform = Transform( 0.999996, -5.63962e-05, 0.00280693, 0.00280538, -0.0187642, -0.99982, 0.000109056, 0.999824, -0.018764, 6.14762e-09, 3.03846, -0.0107013 )

[node name="BoneAttachment005" parent="Robots/Robot2/RobotArmature" index="8"]
transform = Transform( 1, -5.21525e-07, -2.88221e-08, -6.37748e-08, -0.176683, 0.984268, -5.18403e-07, -0.984274, -0.176683, 0.630296, 1.5368, -0.0698894 )

[node name="BoneAttachment006" parent="Robots/Robot2/RobotArmature" index="9"]
transform = Transform( 1, 4.47292e-07, -2.88221e-08, 1.07397e-07, -0.176683, 0.984268, 4.35164e-07, -0.984274, -0.176683, -0.643307, 1.5368, -0.0698895 )

[node name="BoneAttachment007" parent="Robots/Robot2/RobotArmature" index="10"]
transform = Transform( 1, -2.54154e-07, 3.50088e-09, 4.47876e-08, 0.189744, 0.981834, -2.5019e-07, -0.98184, 0.189746, 0.630296, 0.935406, 0.0380651 )

[node name="BoneAttachment008" parent="Robots/Robot2/RobotArmature" index="11"]
transform = Transform( 1, -2.01132e-07, -5.3216e-08, 9.04119e-08, 0.189744, 0.981834, -1.87384e-07, -0.98184, 0.189746, -0.643307, 0.935406, 0.038065 )

[node name="BoneAttachment009" parent="Robots/Robot2/RobotArmature" index="12"]
transform = Transform( -0.0262237, 2.39866e-07, -0.999656, -0.999656, -2.22027e-06, 0.0262235, -2.91318e-06, 0.999999, 3.12459e-07, 0.582738, 2.43949, -0.0168432 )

[node name="BoneAttachment010" parent="Robots/Robot2/RobotArmature" index="13"]
transform = Transform( -0.00985826, -2.69916e-07, 0.999951, 0.999951, 7.59959e-07, 0.00985831, -1.02818e-06, 1, 2.61236e-07, -0.636816, 2.43952, -0.0168431 )

[node name="BoneAttachment011" parent="Robots/Robot2/RobotArmature" index="14"]
transform = Transform( 1, 7.15256e-07, 0, 0, 0, -1, -7.15256e-07, 1, 0, 0.00205059, 1.44057, 0.112672 )

[node name="TranslationAnimation" parent="Robots/Robot2" index="6"]
autoplay = "Movement"
anims/Movement = SubResource( 2 )

[node name="BystanderSpawner" parent="Spawners" index="0" instance=ExtResource( 6 )]
transform = Transform( 1, 0, 0, 0, 1, 0, 0, 0, 1, -0.5, 1.304, -23 )

[node name="BystanderSpawner2" parent="Spawners" index="1" instance=ExtResource( 6 )]
transform = Transform( -1, 0, -8.74228e-08, 0, 1, 0, 8.74228e-08, 0, -1, 0.5, 1.304, 23 )

[node name="DoorwayWide" parent="Walls" index="0" instance=ExtResource( 2 )]
transform = Transform( 0.6, 0, 0, 0, 0.6, 0, 0, 0, 0.6, 1.5, 0.25, -10 )

[node name="Wall" parent="Walls" index="1" instance=ExtResource( 3 )]
transform = Transform( 0.6, 0, 0, 0, 0.6, 0, 0, 0, 0.6, -1.5, 0.25, -10 )

[node name="Wall2" parent="Walls" index="2" instance=ExtResource( 3 )]
transform = Transform( 0.6, 0, 0, 0, 0.6, 0, 0, 0, 0.6, -4.5, 0.25, -10 )

[node name="Wall3" parent="Walls" index="3" instance=ExtResource( 3 )]
transform = Transform( 0.6, 0, 0, 0, 0.6, 0, 0, 0, 0.6, -7.5, 0.25, -10 )

[node name="Wall4" parent="Walls" index="4" instance=ExtResource( 3 )]
transform = Transform( 0.6, 0, 0, 0, 0.6, 0, 0, 0, 0.6, -10.5, 0.25, -10 )

[node name="Wall5" parent="Walls" index="5" instance=ExtResource( 3 )]
transform = Transform( 0.6, 0, 0, 0, 0.6, 0, 0, 0, 0.6, -13.5, 0.25, -10 )

[node name="Wall11" parent="Walls" index="6" instance=ExtResource( 3 )]
transform = Transform( 0.6, 0, 0, 0, 0.6, 0, 0, 0, 0.6, -16.5, 0.25, -10 )

[node name="Wall6" parent="Walls" index="7" instance=ExtResource( 3 )]
transform = Transform( 0.6, 0, 0, 0, 0.6, 0, 0, 0, 0.6, 16.5, 0.25, -10 )

[node name="Wall12" parent="Walls" index="8" instance=ExtResource( 3 )]
transform = Transform( 0.6, 0, 0, 0, 0.6, 0, 0, 0, 0.6, 19.5, 0.25, -10 )

[node name="Wall13" parent="Walls" index="9" instance=ExtResource( 3 )]
transform = Transform( -2.62268e-08, 0, -0.6, 0, 0.6, 0, 0.6, 0, -2.62268e-08, 19.5, 0.25, -1 )

[node name="Wall7" parent="Walls" index="10" instance=ExtResource( 3 )]
transform = Transform( 0.6, 0, 0, 0, 0.6, 0, 0, 0, 0.6, 13.5, 0.25, -10 )

[node name="Wall8" parent="Walls" index="11" instance=ExtResource( 3 )]
transform = Transform( 0.6, 0, 0, 0, 0.6, 0, 0, 0, 0.6, 10.5, 0.25, -10 )

[node name="Wall9" parent="Walls" index="12" instance=ExtResource( 3 )]
transform = Transform( 0.6, 0, 0, 0, 0.6, 0, 0, 0, 0.6, 7.5, 0.25, -10 )

[node name="Wall10" parent="Walls" index="13" instance=ExtResource( 3 )]
transform = Transform( 0.6, 0, 0, 0, 0.6, 0, 0, 0, 0.6, 4.5, 0.25, -10 )

[node name="DoorwayWide2" parent="Walls" index="14" instance=ExtResource( 2 )]
transform = Transform( -0.6, 0, -3.72529e-09, 0, 0.6, 0, 3.72529e-09, 0, -0.6, -1.5, 0.25, 5 )

[node name="Wall15" parent="Walls" index="15" instance=ExtResource( 3 )]
transform = Transform( -0.6, 0, -3.72529e-09, 0, 0.6, 0, 3.72529e-09, 0, -0.6, 1.5, 0.25, 5 )

[node name="Wall16" parent="Walls" index="16" instance=ExtResource( 3 )]
transform = Transform( -0.6, 0, -3.72529e-09, 0, 0.6, 0, 3.72529e-09, 0, -0.6, 4.5, 0.25, 5 )

[node name="Wall17" parent="Walls" index="17" instance=ExtResource( 3 )]
transform = Transform( -0.6, 0, -3.72529e-09, 0, 0.6, 0, 3.72529e-09, 0, -0.6, 7.5, 0.25, 5 )

[node name="Wall18" parent="Walls" index="18" instance=ExtResource( 3 )]
transform = Transform( -0.6, 0, -3.72529e-09, 0, 0.6, 0, 3.72529e-09, 0, -0.6, 10.5, 0.25, 5 )

[node name="Wall19" parent="Walls" index="19" instance=ExtResource( 3 )]
transform = Transform( -0.6, 0, -3.72529e-09, 0, 0.6, 0, 3.72529e-09, 0, -0.6, 13.5, 0.25, 5 )

[node name="Wall20" parent="Walls" index="20" instance=ExtResource( 3 )]
transform = Transform( -0.6, 0, -3.72529e-09, 0, 0.6, 0, 3.72529e-09, 0, -0.6, 16.5, 0.25, 5 )

[node name="Wall21" parent="Walls" index="21" instance=ExtResource( 3 )]
transform = Transform( -0.6, 0, -3.72529e-09, 0, 0.6, 0, 3.72529e-09, 0, -0.6, -16.5, 0.25, 5 )

[node name="Wall22" parent="Walls" index="22" instance=ExtResource( 3 )]
transform = Transform( -0.6, 0, -3.72529e-09, 0, 0.6, 0, 3.72529e-09, 0, -0.6, -19.5, 0.25, 5 )

[node name="Wall23" parent="Walls" index="23" instance=ExtResource( 3 )]
transform = Transform( -0.6, 0, -3.72529e-09, 0, 0.6, 0, 3.72529e-09, 0, -0.6, -13.5, 0.25, 5 )

[node name="Wall24" parent="Walls" index="24" instance=ExtResource( 3 )]
transform = Transform( -0.6, 0, -3.72529e-09, 0, 0.6, 0, 3.72529e-09, 0, -0.6, -10.5, 0.25, 5 )

[node name="Wall25" parent="Walls" index="25" instance=ExtResource( 3 )]
transform = Transform( -0.6, 0, -3.72529e-09, 0, 0.6, 0, 3.72529e-09, 0, -0.6, -7.5, 0.25, 5 )

[node name="Wall26" parent="Walls" index="26" instance=ExtResource( 3 )]
transform = Transform( -0.6, 0, -3.72529e-09, 0, 0.6, 0, 3.72529e-09, 0, -0.6, -4.5, 0.25, 5 )

[node name="Window" parent="Walls" index="27" instance=ExtResource( 4 )]
transform = Transform( -2.62268e-08, 0, -0.6, 0, 0.6, 0, 0.6, 0, -2.62268e-08, 19.5, 0.25, -7 )

[node name="Window2" parent="Walls" index="28" instance=ExtResource( 4 )]
transform = Transform( -2.62268e-08, 0, -0.6, 0, 0.6, 0, 0.6, 0, -2.62268e-08, 19.5, 0.25, 5 )

[node name="WindowSlide" parent="Walls" index="29" instance=ExtResource( 5 )]
transform = Transform( -2.62268e-08, 0, -0.6, 0, 0.6, 0, 0.6, 0, -2.62268e-08, 19.5, 0.25, -4 )

[node name="WindowSlide2" parent="Walls" index="30" instance=ExtResource( 5 )]
transform = Transform( -2.62268e-08, 0, -0.6, 0, 0.6, 0, 0.6, 0, -2.62268e-08, 19.5, 0.25, 2 )

[node name="Wall14" parent="Walls" index="31" instance=ExtResource( 3 )]
transform = Transform( -2.62268e-08, 0, 0.6, 0, 0.6, 0, -0.6, 0, -2.62268e-08, -19.5, 0.25, -4 )

[node name="Window3" parent="Walls" index="32" instance=ExtResource( 4 )]
transform = Transform( -2.62268e-08, 0, 0.6, 0, 0.6, 0, -0.6, 0, -2.62268e-08, -19.5, 0.25, 2 )

[node name="Window4" parent="Walls" index="33" instance=ExtResource( 4 )]
transform = Transform( -2.62268e-08, 0, 0.6, 0, 0.6, 0, -0.6, 0, -2.62268e-08, -19.5, 0.25, -10 )

[node name="WindowSlide3" parent="Walls" index="34" instance=ExtResource( 5 )]
transform = Transform( -2.62268e-08, 0, 0.6, 0, 0.6, 0, -0.6, 0, -2.62268e-08, -19.5, 0.25, -1 )

[node name="WindowSlide4" parent="Walls" index="35" instance=ExtResource( 5 )]
transform = Transform( -2.62268e-08, 0, 0.6, 0, 0.6, 0, -0.6, 0, -2.62268e-08, -19.5, 0.25, -7 )

[node name="Player" parent="." index="7"]
transform = Transform( -4.37114e-08, 0, 1, 0, 1, 0, -1, 0, -4.37114e-08, -9, 0.281923, -2 )

[editable path="Robots/Robot"]
[editable path="Robots/Robot/RobotArmature"]
[editable path="Robots/Robot2"]
[editable path="Robots/Robot2/RobotArmature"]
